Episode,Kick_Speed,friction_patch,default_friction,loc_patch,size_patch,Rewards,Stop_Distance,
4,66.47,0.48,0.8,53.98,29.24,-1129.34,-0.14,5
9,71.72,0.58,0.8,37.31,18.76,-1150.42,-0.22,5
12,73.29,0.37,0.8,76.29,26.89,-1102.79,-0.58,3
17,68.92,0.43,0.8,44.94,18.38,-1154.6,-0.22,5
21,66.53,0.42,0.8,52.61,23.73,-1138.37,0,4
23,75.71,0.45,0.8,24.63,9.86,-1104.79,-0.48,2
27,69.17,0.41,0.8,44.89,21.14,-1095.16,-0.06,4
30,71.55,0.33,0.8,35.41,7.26,-1199.54,-0.14,3
49,71.69,0.45,0.8,36.72,15.27,-1099.96,-0.17,19
53,68.1,0.49,0.8,48.58,24.95,-1154.18,-0.2,4
54,71.84,0.44,0.8,36.12,14.37,-1089.66,-0.01,1
55,70.42,0.59,0.8,42.58,26.51,-1132.8,-0.22,1
57,69.06,0.46,0.8,45.16,21.16,-1119.34,-0.17,2
61,66.38,0.23,0.8,51.25,15.15,-1289.7,-0.03,4
68,69.67,0.52,0.8,43.46,21.24,-1168.58,-0.06,7
69,69.49,0.54,0.8,45.08,26.25,-1125.74,-0.28,1
71,69.98,0.49,0.8,42.96,22.57,-1100.26,-0.03,2
75,68.91,0.46,0.8,44.64,17.1,-1156.58,-0.06,4
80,75.57,0.51,0.8,25.42,11.83,-1104.31,-0.49,5
89,72.19,0.5,0.8,36.13,18.81,-1105.07,-0.27,9
92,69.27,0.53,0.8,44.89,22.7,-1116.34,0,3
94,68.92,0.26,0.8,43.37,10.73,-1241.83,-0.05,2
95,68.45,0.45,0.8,46.24,18.63,-1158.47,-0.1,1
100,68.16,0.34,0.8,46.55,15.98,-1133.98,-0.04,5
111,70.92,0.57,0.8,40.61,23.66,-1109.73,-0.2,11
112,69.64,0.44,0.8,42.49,16.14,-1192.99,-0.16,1
115,69.48,0.46,0.8,43.7,19.72,-1135.94,-0.15,3
116,73.16,0.44,0.8,31.44,9.36,-1098.82,-0.07,1
122,69.08,0.44,0.8,43.73,14.96,-1263.74,-0.01,6
124,69.61,0.48,0.8,43.87,22.03,-1100.66,-0.02,2
130,70.13,0.4,0.8,41.07,15.62,-1102.22,-0.08,6
135,69.06,0.45,0.8,44.3,17.32,-1167.76,-0.14,5
136,69.89,0.48,0.8,41.78,16.29,-1138.64,-0.18,1
145,69.75,0.48,0.8,43.58,22.55,-1111.79,-0.35,9
146,70.69,0.43,0.8,39.73,16.53,-1103.25,-0.2,1
149,70.94,0.47,0.8,39.65,19.26,-1093.39,-0.17,3
151,75.73,0.56,0.8,25.92,16.18,-1085.12,-0.2,2
153,73.35,0.51,0.8,31.54,12.44,-1105.16,-0.35,2
155,70.35,0.42,0.8,41.33,19.44,-1108.88,-0.43,2
156,68.08,0.3,0.8,46.4,14.2,-1186.11,-0.05,1
160,68.94,0.42,0.8,44.67,17.36,-1118.44,-0.01,4
161,69.25,0.46,0.8,91.61,28.36,-1162.64,-0.13,1
167,71.03,0.54,0.8,39.16,18.52,-1174.92,-0.1,6
169,68.74,0.28,0.8,43.96,11.3,-1303.17,-0.05,2
170,73.75,0.51,0.8,32.34,20.77,-1105.96,-0.55,1
171,74.62,0.52,0.8,27.49,9.79,-1108.09,-0.35,1
172,70.71,0.39,0.8,38.32,10.4,-1237.32,-0.07,1
173,73.3,0.53,0.8,32.81,17.52,-1099.1,-0.33,1
174,68.02,0.43,0.8,47.07,17.06,-1201.27,-0.14,1
178,71.12,0.4,0.8,37.73,12.69,-1135.43,-0.16,4
194,72.62,0.47,0.8,33.53,12.3,-1105.82,-0.17,16
196,71.3,0.47,0.8,37.39,13.66,-1142.12,-0.22,2
198,70.51,0.48,0.8,39.52,13.63,-1262.64,-0.01,2
201,74.33,0.46,0.8,99.06,29.33,-1089.28,-0.26,3
208,66.04,0.47,0.8,54.46,26.24,-1202.81,-0.05,7
220,71.79,0.43,0.8,35.44,10.66,-1126.32,-0.13,12
221,67.53,0.45,0.8,74.16,23.62,-1168.6,-0.14,1
226,67.14,0.32,0.8,49.12,15.13,-1250.63,-0.06,5
233,69.34,0.54,0.8,45.06,24.36,-1128.66,-0.23,7
244,68.91,0.43,0.8,44.74,17.42,-1289.76,-0.05,11
245,75.34,0.49,0.8,26.45,13.69,-1092.11,-0.33,1
251,69.68,0.39,0.8,42.22,15.26,-1130.25,-0.34,6
252,66.84,0.33,0.8,49.96,15.31,-1217.08,-0.05,1
256,72.89,0.48,0.8,32.85,12.59,-1105.11,-0.28,4
259,66.45,0.35,0.8,52.15,20.44,-1156.12,-0.02,3
262,71.17,0.48,0.8,38.84,18.54,-1096.1,-0.13,3
265,79.08,0.59,0.8,94.25,21.47,-1075.79,-0.06,3
271,76.54,0.55,0.8,76.45,17.04,-1099.07,-0.55,6
272,69.45,0.49,0.8,44.07,21.09,-1140.31,-0.07,1
275,70.41,0.35,0.8,40.01,14.01,-1097.14,-0.04,3
276,69.8,0.41,0.8,42.87,19.65,-1101.24,-0.23,1
283,75.66,0.84,0.8,99.24,12.44,-1128.04,-0.08,7
289,72.01,0.43,0.8,36.44,17.7,-1083.81,-0.1,6
290,72.16,0.52,0.8,35.49,15.75,-1144.3,-0.26,1
297,74.46,0.61,0.8,30.52,21.58,-1100.17,-0.38,7
298,70.26,0.29,0.8,39.95,11.79,-1110.72,-0.11,1
305,67.37,0.34,0.8,48.46,15.05,-1263.61,-0.02,7
307,71.48,0.46,0.8,37.67,16.99,-1105.84,-0.26,2
309,68.25,0.42,0.8,47.45,21.38,-1113.47,-0.15,2
319,69.87,0.46,0.8,43.24,22.37,-1112.78,-0.35,10
328,69.78,0.45,0.8,42.31,17.12,-1149.88,0,9
329,66.89,0.43,0.8,51.17,21.62,-1170.36,-0.09,1
331,70.96,0.51,0.8,39.65,19.68,-1116.36,0,2
344,67.05,0.43,0.8,50.69,21.47,-1230.13,-0.07,13
346,68.64,0.44,0.8,45.25,16.49,-1183.18,-0.05,2
358,68.91,0.43,0.8,45.6,21.11,-1114.74,-0.12,12
361,69.83,0.45,0.8,42.14,16.95,-1156.58,-0.03,3
362,71.77,0.4,0.8,35.76,11.73,-1124.12,-0.19,1
370,69.69,0.4,0.8,42.51,16.74,-1148.32,-0.26,8
371,73.44,0.4,0.8,75.38,24.89,-1092.65,-0.36,1
382,70.33,0.46,0.8,41.15,18.66,-1120.7,-0.35,11
387,81.04,0.56,0.8,95.14,22.94,-1078.34,-0.11,5
397,67.88,0.47,0.8,49.86,27.93,-1093.58,-0.03,10
403,73.53,0.54,0.8,32.07,16.99,-1105.59,-0.34,6
404,69.98,0.54,0.8,43.03,23.1,-1140.73,-0.01,1
407,71.32,0.67,0.8,40.22,27.19,-1212.83,-0.03,3
408,66.6,0.45,0.8,52.51,24.25,-1208.34,-0.01,1
411,68.52,0.38,0.8,45.36,15.24,-1206.71,-0.11,3
412,70.71,0.38,0.8,38.36,10.52,-1190.05,-0.11,1
418,72.39,0.42,0.8,89.27,29.34,-1079.92,-0.07,6
,,,,,,,Average,4.19
,,,,,,,Min,1
,,,,,,,Max,19
